# Created by Octave 6.3.0, Wed Nov 10 21:01:43 2021 GMT <unknown@Benjamin-Laptop>
# name: v
# type: matrix
# rows: 10
# columns: 1
 3999
 3299
 3690
 2320
 5399
 2999
 3149
 1989
 2120
 2425


